date,open,high,low,close,volume,acount
2011/10/10,21.96,22.16,21.74,21.75,639159,13992893.00
2011/10/11,22.48,22.49,21.70,21.72,985207,21630614.00
2011/10/12,21.40,22.26,20.94,22.17,2154380,46758900.00
2011/10/13,21.99,22.22,21.86,21.96,2787355,61359304.00
2011/10/14,21.96,22.02,21.70,21.90,1396072,30531608.00
2011/10/17,21.94,22.25,21.81,21.85,1801861,39564884.00
2011/10/18,21.56,21.62,20.88,20.89,2181313,46121632.00
2011/10/19,20.80,20.99,20.50,20.60,1407042,29051752.00
2011/10/20,20.51,20.52,19.72,19.82,1749260,34919476.00
2011/10/21,19.83,19.96,19.56,19.60,979990,19340562.00
2011/10/24,19.62,19.87,19.25,19.77,1533643,30064234.00
2011/10/25,19.77,20.14,19.35,20.12,2850668,56513028.00
2011/10/26,19.95,20.37,19.81,20.18,2702680,54222272.00
2011/10/27,20.09,20.28,19.91,19.99,1831926,36752352.00
2011/10/28,20.22,20.39,20.13,20.37,2571955,52119868.00
2011/10/31,20.20,20.98,20.03,20.69,3131956,64598204.00
2011/11/01,20.45,21.21,20.38,21.05,3966238,82412536.00
2011/11/02,20.69,21.04,20.41,20.98,2793434,57856060.00
2011/11/03,21.01,21.48,21.01,21.21,4084549,87015296.00
2011/11/04,21.35,21.78,21.11,21.73,4051821,87005480.00
2011/11/07,21.60,21.80,21.31,21.35,2797963,60198388.00
2011/11/08,21.35,21.62,20.91,20.93,1975109,41996244.00
2011/11/09,20.94,21.49,20.52,21.22,3650924,76353568.00
2011/11/10,20.86,21.72,20.81,21.39,4377221,93598456.00
2011/11/11,21.12,21.48,21.03,21.12,1978968,42012044.00
2011/11/14,21.30,21.78,21.29,21.68,3080177,66610272.00
2011/11/15,21.70,21.96,21.56,21.75,2509604,54544440.00
2011/11/16,21.75,22.06,21.31,21.34,3753763,81611384.00
2011/11/17,21.29,21.59,21.16,21.20,1705998,36448504.00
2011/11/18,21.22,21.24,20.17,20.20,2433519,50327024.00
2011/11/21,20.21,20.43,20.03,20.33,852696,17283030.00
2011/11/22,20.27,20.27,19.84,20.07,998527,20012932.00
2011/11/23,20.19,20.73,20.05,20.56,2395994,49011460.00
2011/11/24,20.40,20.78,20.21,20.68,1509264,31039566.00
2011/11/25,20.73,21.27,20.57,20.95,1968512,41422188.00
2011/11/28,20.95,21.22,20.86,21.18,1531359,32255562.00
2011/11/29,21.36,21.49,21.10,21.44,2003310,42706660.00
2011/11/30,21.44,21.44,20.05,20.15,2369275,48965840.00
2011/12/01,20.80,21.98,20.52,21.60,7411182,158566176.00
2011/12/02,21.53,22.33,21.37,22.14,9880485,215910192.00
2011/12/05,22.30,22.40,21.74,22.09,8686385,192093296.00
2011/12/06,22.38,22.38,21.45,22.05,7961853,175500240.00
2011/12/07,22.15,22.27,21.62,22.25,6972056,154060496.00
2011/12/08,22.40,22.70,21.49,21.50,10527373,231421296.00
2011/12/09,21.20,21.20,20.05,20.44,6557052,133950576.00
2011/12/12,20.58,20.60,19.81,20.28,4651435,93569336.00
2011/12/13,20.19,20.19,19.82,20.03,4070893,81626304.00
2011/12/14,19.83,20.65,18.98,19.08,5219716,104085304.00
2011/12/15,18.88,18.88,17.33,17.38,4227911,75324512.00
2011/12/16,17.47,17.67,16.99,17.62,2573669,44652380.00
2011/12/19,17.57,17.57,17.07,17.43,1885633,32570216.00
2011/12/20,17.40,17.60,17.25,17.35,1615352,28250284.00
2011/12/21,17.50,17.80,16.81,16.84,1580792,27488398.00
2011/12/22,16.59,16.70,16.04,16.40,2015616,33026002.00
2011/12/23,16.49,16.74,16.39,16.55,1293350,21444778.00
2011/12/26,16.41,16.70,16.20,16.35,824256,13596122.00
2011/12/27,16.32,16.66,16.00,16.03,1347331,21993476.00
2011/12/28,16.00,16.00,15.19,15.53,2494177,38611344.00
2011/12/29,15.45,15.63,15.31,15.34,1661061,25748442.00
2011/12/30,15.47,15.69,15.32,15.64,2392631,37271876.00
2012/01/04,15.70,15.87,15.44,15.50,1614038,25367620.00
2012/01/05,15.37,15.61,15.22,15.25,1314517,20279052.00
2012/01/06,15.32,15.75,15.23,15.68,1622842,25309612.00
2012/01/09,15.72,16.28,15.54,16.26,1764724,28133504.00
2012/01/10,16.18,17.05,16.02,16.83,4553329,75736472.00
2012/01/11,16.71,16.78,16.42,16.44,4263037,70513792.00
2012/01/12,16.34,16.64,16.09,16.20,3227131,52806708.00
2012/01/13,16.21,16.34,15.56,15.71,2285308,36225812.00
2012/01/16,15.67,15.68,14.99,15.00,2167589,33094884.00
2012/01/17,14.91,15.80,14.91,15.78,2399961,36998804.00
2012/01/18,15.80,15.88,15.27,15.28,2042784,31826122.00
2012/01/19,15.28,15.50,15.11,15.45,1591836,24421062.00
2012/01/20,15.46,15.63,15.44,15.53,1855595,28811000.00
2012/01/30,15.63,15.79,15.29,15.53,2311482,36125976.00
2012/01/31,15.53,15.53,15.26,15.37,1186266,18205724.00
2012/02/01,15.30,15.47,15.24,15.25,1187590,18215460.00
2012/02/02,15.25,15.45,15.21,15.42,1302516,19962648.00
2012/02/03,15.45,15.85,15.40,15.80,4507176,70632048.00
2012/02/06,15.92,15.93,15.65,15.82,3294426,52000512.00
2012/02/07,15.68,15.81,15.32,15.44,2104799,32688440.00
2012/02/08,15.39,15.97,15.34,15.95,3497208,54936768.00
2012/02/09,15.96,16.34,15.91,16.13,5172024,83566408.00
2012/02/10,16.07,16.37,16.00,16.23,4583569,74287872.00
2012/02/13,16.21,16.64,16.14,16.57,5593460,92210368.00
2012/02/14,16.54,16.55,16.25,16.38,3553137,58095100.00
2012/02/15,16.43,16.84,16.40,16.78,4663172,77746320.00
2012/02/16,16.77,16.83,16.52,16.66,4777523,79686912.00
2012/02/17,16.78,16.80,16.38,16.47,3820175,63191268.00
2012/02/20,16.63,16.81,16.41,16.44,3552680,59112788.00
2012/02/21,16.47,16.71,16.28,16.69,3002302,49680176.00
2012/02/22,16.71,17.08,16.61,17.03,5835423,98327008.00
2012/02/23,17.01,17.34,16.93,17.22,6422302,109911464.00
2012/02/24,17.17,17.64,17.17,17.60,6603220,114785800.00
2012/02/27,17.61,18.20,17.48,17.96,8682487,155096608.00
2012/02/28,17.85,18.14,17.60,17.87,6788894,121061528.00
2012/02/29,17.80,17.97,17.46,17.50,3461718,61263480.00
2012/03/01,17.49,17.63,17.30,17.48,2335068,40770740.00
2012/03/02,17.49,17.89,17.41,17.80,3099352,54910576.00
2012/03/05,17.85,17.90,17.53,17.54,3269498,57830884.00
2012/03/06,17.43,17.48,17.00,17.12,3433057,58973028.00
2012/03/07,17.00,17.33,16.91,17.18,2216942,38001744.00
2012/03/08,17.21,17.47,17.15,17.35,2510889,43519832.00
2012/03/09,17.48,17.54,17.25,17.52,2308704,40200488.00
2012/03/12,17.52,17.78,17.47,17.61,3050762,53715756.00
2012/03/13,17.65,18.16,17.61,18.05,7181386,129228112.00
2012/03/14,18.06,18.14,16.80,16.99,6931629,121761064.00
2012/03/15,17.01,17.15,16.52,16.57,3550377,59513352.00
2012/03/16,16.58,16.94,16.53,16.88,2358095,39401316.00
2012/03/19,16.81,16.98,16.72,16.94,1920384,32384348.00
2012/03/20,16.98,17.01,16.61,16.64,2087145,34974832.00
2012/03/21,16.77,16.84,16.50,16.77,1739612,29007920.00
2012/03/22,16.76,16.85,16.60,16.70,1180159,19746982.00
2012/03/23,16.64,16.73,16.34,16.38,1479941,24422828.00
2012/03/26,16.30,16.47,16.20,16.30,989849,16183008.00
2012/03/27,16.34,16.43,16.17,16.19,1166370,18995212.00
2012/03/28,16.13,16.20,15.25,15.26,2433231,38060904.00
2012/03/29,15.28,15.38,15.00,15.05,1693011,25673648.00
2012/03/30,15.09,15.36,15.00,15.08,1149434,17394786.00
2012/04/05,15.09,15.43,15.00,15.40,2137604,32575580.00
2012/04/06,15.42,15.50,15.23,15.41,1786898,27470102.00
2012/04/09,15.45,15.50,15.08,15.11,1412170,21467512.00
2012/04/10,15.14,15.19,14.74,15.17,1909485,28608616.00
2012/04/11,15.70,16.44,15.70,16.10,7067721,113421464.00
2012/04/12,15.90,16.15,15.81,16.06,4083358,65182904.00
2012/04/13,16.06,16.19,15.95,16.03,2712638,43593888.00
2012/04/16,15.96,16.20,15.90,16.10,1833871,29535100.00
2012/04/17,16.15,16.20,15.85,15.95,1812781,28995854.00
2012/04/18,15.96,16.30,15.89,16.27,2741464,44347256.00
2012/04/19,16.29,16.76,16.25,16.60,3818563,63330220.00
2012/04/20,16.50,16.65,16.43,16.61,2252494,37269416.00
2012/04/23,16.62,16.62,15.95,16.16,2771210,45053116.00
2012/04/24,16.14,16.28,15.65,15.86,2427678,38634852.00
2012/04/25,15.85,16.06,15.81,15.97,2455355,39119356.00
2012/04/26,15.98,16.06,15.73,15.79,1872823,29743470.00
2012/04/27,15.86,16.18,15.75,16.09,2024854,32405748.00
2012/05/02,16.16,16.27,16.02,16.08,2303061,37192816.00
2012/05/03,16.12,16.12,15.90,15.98,1807759,28941280.00
2012/05/04,15.98,16.35,15.95,16.32,2798169,45397776.00
2012/05/08,16.42,17.08,16.41,16.87,7463094,125609360.00
2012/05/09,16.70,16.74,16.39,16.47,4032848,66717376.00
2012/05/10,16.53,16.68,16.37,16.65,2569412,42437224.00
2012/05/11,16.65,16.74,16.41,16.46,2086698,34556608.00
2012/05/14,16.51,16.68,16.05,16.12,2073172,33923008.00
2012/05/15,16.00,16.02,15.59,15.76,2494630,39237588.00
2012/05/16,15.72,15.76,15.21,15.26,2110259,32690692.00
2012/05/17,15.29,15.53,15.27,15.48,1183657,18225874.00
2012/05/18,15.40,15.44,15.28,15.35,1141924,17518814.00
2012/05/21,15.33,15.46,15.22,15.38,716214,10995361.00
2012/05/22,15.37,15.70,15.37,15.53,986583,15308245.00
2012/05/23,15.54,15.56,15.30,15.37,919244,14188613.00
2012/05/24,15.36,15.73,15.33,15.52,1613034,25113736.00
2012/05/25,15.66,15.66,15.21,15.23,1454821,22284856.00
2012/05/28,15.13,15.38,14.95,15.36,1742163,26385288.00
2012/05/29,15.30,15.60,15.30,15.57,1867543,28942540.00
2012/05/30,15.57,16.08,15.46,16.00,3079318,48798784.00
2012/05/31,15.87,16.10,15.75,15.88,2118545,33743012.00
2012/06/01,15.87,16.02,15.58,15.70,1292184,20418740.00
2012/06/04,15.39,15.55,15.26,15.28,1511522,23246996.00
2012/06/05,15.30,15.38,15.24,15.30,1031341,15765210.00
2012/06/06,15.31,15.37,15.02,15.08,1006806,15250697.00
2012/06/07,15.18,15.27,15.01,15.06,1028537,15570186.00
2012/06/08,15.16,15.20,15.00,15.03,745460,11247713.00
2012/06/11,15.08,15.27,15.08,15.26,765611,11629866.00
2012/06/12,15.18,15.20,15.00,15.07,845840,12751656.00
2012/06/13,15.12,15.27,15.09,15.26,892387,13553421.00
2012/06/14,15.23,15.33,15.20,15.24,980345,14968403.00
2012/06/15,15.35,15.38,15.09,15.32,989484,15112718.00
2012/06/18,15.34,15.49,15.32,15.48,1169327,18023340.00
2012/06/19,15.70,16.05,15.61,15.89,4675140,74123128.00
2012/06/20,15.90,16.01,15.76,15.83,2443474,38830136.00
2012/06/21,15.87,15.95,15.70,15.82,1739889,27484168.00
2012/06/25,15.87,15.87,15.30,15.42,2241547,34890912.00
2012/06/26,7.50,7.58,7.42,7.50,1146352,8623522.00
2012/06/27,7.49,7.49,7.18,7.19,3920875,28543616.00
2012/06/28,7.15,7.20,6.91,6.94,3851357,27105226.00
2012/06/29,6.89,7.02,6.87,7.01,2283897,15886636.00
2012/07/02,7.09,7.26,6.98,7.14,3122287,22237152.00
2012/07/03,7.10,7.16,6.98,7.00,2532054,17891388.00
2012/07/04,7.02,7.07,6.90,6.92,2264914,15765612.00
2012/07/05,6.90,6.94,6.71,6.71,2132605,14480619.00
2012/07/06,6.70,6.88,6.69,6.85,1917899,12969397.00
2012/07/09,6.78,6.87,6.62,6.63,1733946,11680204.00
2012/07/10,6.63,6.68,6.52,6.58,1951998,12872689.00
2012/07/11,6.53,6.68,6.53,6.60,1660149,10938346.00
2012/07/12,6.58,6.65,6.47,6.61,3035310,19889494.00
2012/07/13,6.63,6.89,6.59,6.80,4587549,31126460.00
2012/07/16,6.73,6.80,6.45,6.48,3833324,25074316.00
2012/07/17,6.50,6.55,6.46,6.49,1504066,9769957.00
2012/07/18,6.50,6.52,6.39,6.52,1578240,10198690.00
2012/07/19,6.47,6.62,6.47,6.58,2217669,14551754.00
2012/07/20,6.55,6.63,6.52,6.55,1824119,11990876.00
2012/07/23,6.50,6.50,6.40,6.43,1350424,8707876.00
2012/07/24,6.37,6.52,6.37,6.46,1391789,8960139.00
2012/07/25,6.45,6.48,6.39,6.41,1178249,7581944.00
2012/07/26,6.38,6.42,6.31,6.33,1852696,11777650.00
2012/07/27,6.35,6.41,6.34,6.36,1237870,7891198.00
2012/07/30,6.40,6.41,6.20,6.22,2007307,12596079.00
2012/07/31,6.20,6.28,5.97,5.99,2601050,15855486.00
2012/08/01,5.94,6.11,5.92,6.06,1454325,8794268.00
2012/08/02,6.05,6.12,5.98,6.00,1268813,7665101.00
2012/08/03,6.07,6.08,5.98,6.07,1371563,8288743.00
2012/08/06,6.08,6.27,6.02,6.22,2893771,17809508.00
2012/08/07,6.17,6.29,6.17,6.27,2694958,16784228.00
2012/08/08,6.27,6.27,6.18,6.19,2115901,13162855.00
2012/08/09,6.17,6.25,6.13,6.24,1912730,11869602.00
2012/08/10,6.24,6.37,6.20,6.33,3068684,19295640.00
2012/08/13,6.30,6.32,6.15,6.17,2459677,15333836.00
2012/08/14,6.17,6.20,6.09,6.18,1342770,8257467.00
2012/08/15,6.14,6.21,6.10,6.11,1206140,7400045.00
2012/08/16,6.14,6.17,6.05,6.09,991567,6053506.00
2012/08/17,6.13,6.15,6.03,6.08,1303178,7917347.00
2012/08/20,6.03,6.06,5.99,6.06,1250539,7521179.00
2012/08/21,6.05,6.13,6.01,6.11,1896003,11552434.00
2012/08/22,6.12,6.13,6.02,6.02,1586651,9625686.00
2012/08/23,6.06,6.17,6.00,6.12,1720776,10484999.00
2012/08/24,6.09,6.09,6.01,6.05,1378239,8330267.00
2012/08/27,6.02,6.05,5.90,5.95,1920724,11414715.00
2012/08/28,5.91,5.97,5.89,5.93,1278420,7578099.00
2012/08/29,5.89,5.91,5.81,5.84,1635919,9580122.00
2012/08/30,5.91,5.93,5.74,5.78,2046770,11908200.00
2012/08/31,5.74,5.83,5.74,5.77,1309478,7564135.00
2012/09/03,5.74,5.83,5.69,5.81,2310561,13294579.00
2012/09/04,5.77,5.85,5.72,5.75,1993225,11558480.00
2012/09/05,5.75,5.80,5.68,5.78,1601352,9188192.00
2012/09/06,5.80,5.84,5.76,5.82,1478491,8567923.00
2012/09/07,5.85,6.40,5.82,6.40,11731642,72763952.00
2012/09/10,6.47,6.65,6.35,6.51,13794407,89442576.00
2012/09/11,6.45,6.66,6.36,6.54,7694514,50064204.00
2012/09/12,6.57,6.58,6.38,6.51,4983419,32262236.00
2012/09/13,6.47,6.55,6.39,6.40,4329353,27960586.00
2012/09/14,6.40,6.48,6.32,6.36,4093417,26154424.00
2012/09/17,6.32,6.36,6.13,6.14,3467232,21659392.00
2012/09/18,6.11,6.19,6.10,6.17,1816426,11145710.00
2012/09/19,6.17,6.21,6.10,6.12,2214699,13613715.00
2012/09/20,6.15,6.15,5.80,5.83,4049684,23958324.00
2012/09/21,5.80,5.87,5.73,5.79,1820432,10574654.00
2012/09/24,5.77,5.85,5.68,5.85,2170789,12501245.00
2012/09/25,5.82,5.85,5.72,5.76,1350389,7798621.00
2012/09/26,5.79,5.80,5.50,5.56,2578699,14512685.00
2012/09/27,5.56,5.80,5.54,5.70,2865265,16282583.00
2012/09/28,5.67,5.80,5.65,5.79,2457472,14079006.00
2012/10/08,5.78,5.84,5.71,5.76,1811400,10442741.00
2012/10/09,5.81,5.94,5.76,5.92,3013238,17752216.00
2012/10/10,5.80,5.93,5.80,5.92,4017757,23554872.00
2012/10/11,5.86,5.86,5.78,5.79,3765406,21906962.00
2012/10/12,5.83,5.85,5.72,5.75,2688760,15511330.00
2012/10/15,5.67,5.75,5.58,5.64,2621910,14833861.00
2012/10/16,5.63,5.72,5.61,5.64,1517028,8593825.00
2012/10/17,5.68,5.72,5.60,5.70,2062214,11689148.00
2012/10/18,5.80,5.89,5.74,5.85,4033789,23474464.00
2012/10/19,5.81,5.87,5.78,5.79,2326178,13520610.00
2012/10/22,5.79,5.85,5.75,5.83,2154055,12511427.00
2012/10/23,5.85,5.88,5.79,5.81,2195908,12811482.00
2012/10/24,5.81,5.87,5.76,5.85,2584917,15033661.00
2012/10/25,5.86,5.92,5.82,5.84,3871089,22735688.00
2012/10/26,5.76,5.82,5.60,5.63,3202165,18147872.00
2012/10/29,5.61,5.63,5.53,5.55,1791146,9981249.00
2012/10/30,5.54,5.59,5.48,5.54,1862794,10299155.00
2012/10/31,5.52,5.55,5.49,5.54,1551395,8567384.00
2012/11/01,5.54,5.65,5.52,5.62,1795113,10057260.00
2012/11/02,5.60,5.67,5.60,5.63,1533701,8639452.00
2012/11/05,5.61,5.66,5.58,5.61,1421410,7966292.00
2012/11/06,5.63,5.63,5.50,5.59,1893100,10523913.00
2012/11/07,5.60,5.69,5.57,5.62,2040883,11507772.00
2012/11/08,5.54,5.57,5.45,5.45,2193635,12078624.00
2012/11/09,5.41,5.48,5.40,5.44,1108206,6023666.00
2012/11/12,5.46,5.48,5.41,5.46,1142980,6230902.00
2012/11/13,5.43,5.45,5.31,5.33,1663303,8918918.00
2012/11/14,5.38,5.40,5.30,5.40,1162512,6236991.00
2012/11/15,5.38,5.39,5.25,5.27,1165449,6196854.00
2012/11/16,5.27,5.27,5.14,5.19,1599012,8324790.00
2012/11/19,5.21,5.30,5.19,5.29,1614716,8479603.00
2012/11/20,5.29,5.30,5.18,5.21,1738800,9083429.00
2012/11/21,5.21,5.29,5.18,5.27,1369640,7172139.00
2012/11/22,5.24,5.24,5.19,5.21,1107942,5777836.00
2012/11/23,5.24,5.26,5.19,5.21,1002835,5236638.00
2012/11/26,5.18,5.20,5.03,5.05,2324303,11844880.00
2012/11/27,5.05,5.05,4.85,4.87,2594382,12788822.00
2012/11/28,4.86,4.90,4.78,4.84,1676669,8087973.00
2012/11/29,4.86,4.87,4.79,4.82,2020843,9757715.00
2012/11/30,4.83,4.87,4.78,4.80,1530002,7382966.00
2012/12/03,4.80,4.81,4.60,4.61,2280112,10693655.00
2012/12/04,4.63,4.66,4.58,4.65,2127112,9825776.00
2012/12/05,4.65,4.84,4.61,4.80,3856029,18333232.00
2012/12/06,4.80,4.84,4.72,4.81,3569089,17051794.00
2012/12/07,4.80,4.89,4.77,4.88,4002828,19390322.00
2012/12/10,4.88,4.96,4.81,4.95,5194336,25518914.00
2012/12/11,4.93,4.93,4.85,4.88,3278388,16012952.00
2012/12/12,4.88,4.90,4.82,4.88,2340707,11379999.00
2012/12/13,4.85,4.86,4.78,4.79,2505853,12066568.00
2012/12/14,4.80,5.05,4.78,5.03,7161619,35531488.00
2012/12/17,5.01,5.10,4.97,5.07,4687804,23558972.00
2012/12/18,5.05,5.09,4.99,5.08,6699396,33689272.00
2012/12/19,5.58,5.59,5.28,5.29,15567640,84763048.00
2012/12/20,5.20,5.24,5.08,5.15,9830481,50528236.00
2012/12/21,5.23,5.29,5.15,5.23,7046357,36700412.00
2012/12/24,5.24,5.25,5.13,5.15,3520121,18262966.00
2012/12/25,5.13,5.26,5.10,5.20,4804200,25033064.00
2012/12/26,5.21,5.35,5.19,5.31,4688133,24687090.00
2012/12/27,5.35,5.37,5.24,5.24,4084886,21600348.00
2012/12/28,5.28,5.31,5.22,5.25,3205329,16881574.00
2012/12/31,5.27,5.30,5.22,5.26,4474254,23563312.00
2013/01/04,5.29,5.42,5.28,5.33,5272859,28108934.00
2013/01/07,5.33,5.37,5.26,5.35,3255355,17275276.00
2013/01/08,5.36,5.55,5.28,5.46,7804763,42349864.00
2013/01/09,5.44,5.45,5.35,5.37,5410649,29235100.00
2013/01/10,5.37,5.91,5.37,5.91,22627859,130211144.00
2013/01/11,6.08,6.50,6.00,6.50,47475105,301729152.00
2013/01/14,6.53,6.77,6.28,6.75,44875241,292859904.00
2013/01/15,6.61,6.77,6.50,6.58,29358650,193379056.00
2013/01/16,6.52,6.58,6.26,6.39,20353673,130553552.00
2013/01/17,6.39,6.45,6.20,6.23,11183412,70480816.00
2013/01/18,6.23,6.36,6.23,6.29,8568039,53896592.00
2013/01/21,6.32,6.32,6.17,6.26,9445617,58828220.00
2013/01/22,6.24,6.35,6.13,6.21,12104533,75552664.00
2013/01/23,6.19,6.24,6.06,6.20,7770580,47718400.00
2013/01/24,6.20,6.26,5.97,6.05,9568248,58565504.00
2013/01/25,6.02,6.11,5.98,6.08,4186135,25412328.00
2013/01/28,6.10,6.33,6.02,6.22,8996313,55907112.00
2013/01/29,6.23,6.24,6.12,6.17,7600325,46739264.00
2013/01/30,6.17,6.23,6.10,6.17,5706721,35038672.00
2013/01/31,6.12,6.13,5.93,5.98,8638542,51834832.00
2013/02/01,5.94,5.97,5.82,5.93,7858229,46387592.00
2013/02/04,5.93,6.00,5.90,5.97,6105101,36321992.00
2013/02/05,5.97,6.16,5.95,6.13,7884091,47792216.00
2013/02/06,6.16,6.16,6.02,6.06,4881397,29607812.00
2013/02/07,6.10,6.10,6.02,6.08,3326767,20204130.00
2013/02/08,6.08,6.17,6.06,6.12,5146336,31522186.00
2013/02/18,6.13,6.17,6.05,6.17,6281260,38396188.00
2013/02/19,6.16,6.16,5.97,6.01,6469361,39230648.00
2013/02/20,6.03,6.25,6.00,6.17,8011670,49349400.00
2013/02/21,6.16,6.24,6.07,6.12,8021167,49184600.00
2013/02/22,6.10,6.19,6.07,6.11,4593603,28178560.00
2013/02/25,6.11,6.16,5.99,6.07,4940593,29895484.00
2013/02/26,6.02,6.17,5.94,5.96,6758602,40892520.00
2013/02/27,5.94,6.03,5.89,5.90,5063569,30048314.00
2013/02/28,5.94,6.22,5.94,6.19,13301729,81869256.00
2013/03/01,6.19,6.28,6.09,6.24,10354833,63975268.00
2013/03/07,6.03,6.10,5.92,6.05,10766183,64896460.00
2013/03/08,6.00,6.05,5.90,5.93,6611752,39304760.00
2013/03/11,5.89,5.90,5.78,5.80,5526531,32261500.00
2013/03/12,5.80,5.85,5.59,5.62,6919817,39522848.00
2013/03/13,5.62,5.68,5.57,5.65,2867081,16129387.00
2013/03/14,5.64,5.68,5.59,5.60,2721101,15339585.00
2013/03/15,5.59,5.68,5.49,5.58,3932468,21938472.00
2013/03/18,5.54,5.63,5.51,5.55,2967611,16488586.00
2013/03/19,5.60,5.75,5.55,5.73,4500594,25468172.00
2013/03/20,5.75,5.87,5.70,5.83,5977004,34694912.00
2013/03/21,5.83,5.87,5.73,5.80,4576826,26605534.00
2013/03/22,5.80,5.81,5.74,5.80,3266823,18883800.00
2013/03/25,5.80,5.88,5.75,5.78,3836399,22307620.00
2013/03/26,5.78,5.78,5.59,5.63,4013248,22635640.00
2013/03/27,5.63,5.66,5.52,5.56,3585364,20024448.00
2013/03/28,5.56,5.56,5.29,5.29,5367067,28805364.00
2013/03/29,5.30,5.36,5.29,5.30,2151989,11451525.00
2013/04/01,5.25,5.32,5.23,5.25,2527899,13332183.00
2013/04/02,5.28,5.32,5.22,5.29,2225998,11730395.00
2013/04/03,5.36,5.37,5.27,5.30,2076703,11023818.00
2013/04/08,5.24,5.40,5.22,5.39,4127140,22041868.00
2013/04/09,5.35,5.42,5.33,5.40,2420318,13014800.00
2013/04/10,5.38,5.44,5.37,5.40,2050506,11071770.00
2013/04/11,5.42,5.44,5.30,5.31,2584539,13906351.00
2013/04/12,5.29,5.34,5.23,5.26,2574595,13569761.00
2013/04/15,5.27,5.30,5.01,5.06,3649509,18602530.00
2013/04/16,5.06,5.10,5.02,5.10,2441462,12345717.00
2013/04/17,5.10,5.12,4.99,5.08,2537859,12807481.00
2013/04/18,5.06,5.12,5.03,5.08,1942250,9865050.00
2013/04/19,5.11,5.42,5.08,5.41,8450493,44750696.00
2013/04/22,5.37,5.37,5.16,5.20,7709263,40507120.00
2013/04/23,5.20,5.20,5.03,5.05,3832551,19523974.00
2013/04/24,5.05,5.18,5.04,5.14,2624548,13435374.00
2013/04/25,5.12,5.18,5.06,5.09,2157844,11036887.00
2013/04/26,5.17,5.17,5.00,5.01,2041974,10322493.00
2013/05/02,4.94,4.94,4.75,4.83,3787462,18231970.00
2013/05/03,4.85,4.94,4.83,4.89,2790281,13653788.00
2013/05/06,4.89,4.96,4.89,4.95,2135624,10542106.00
2013/05/07,4.92,4.98,4.92,4.95,2161575,10685621.00
2013/05/08,4.98,5.06,4.97,5.05,3289211,16504530.00
2013/05/09,5.04,5.06,4.94,5.02,3699156,18489852.00
2013/05/10,5.20,5.52,5.20,5.52,9068723,49746480.00
2013/05/13,5.72,5.98,5.60,5.69,30015454,174244288.00
2013/05/14,5.51,5.63,5.38,5.55,13112780,71857896.00
2013/05/15,5.53,5.53,5.39,5.51,8337721,45553984.00
2013/05/16,5.51,5.52,5.32,5.46,8964094,48841520.00
2013/05/17,5.44,5.55,5.41,5.51,7657502,42091916.00
2013/05/20,5.50,5.85,5.47,5.75,15181533,86004248.00
2013/05/21,5.75,5.84,5.68,5.71,10442550,59997216.00
2013/05/22,5.71,5.86,5.68,5.81,10766669,62254836.00
2013/05/23,6.01,6.16,5.83,5.83,17423024,104028720.00
2013/05/24,5.76,5.86,5.68,5.80,9471959,54512616.00
2013/05/27,5.82,5.84,5.73,5.76,6184041,35786136.00
2013/05/28,5.76,5.79,5.67,5.77,6085360,34821812.00
2013/05/29,5.81,5.85,5.75,5.76,4683383,27087984.00
2013/05/30,5.44,5.60,5.43,5.58,14373496,79527672.00
2013/05/31,5.52,5.54,5.45,5.46,7543236,41431680.00
2013/06/03,5.44,5.44,5.32,5.37,6892408,37033760.00
2013/06/04,5.37,5.38,5.20,5.24,4572766,24200772.00
2013/06/05,5.24,5.28,5.20,5.20,3448709,18047074.00
2013/06/06,5.20,5.25,5.18,5.19,2711156,14129614.00
2013/06/07,5.18,5.24,5.10,5.11,3708115,19157316.00
2013/06/13,5.06,5.11,4.85,4.91,4642425,22868692.00
2013/06/14,4.91,4.96,4.89,4.93,3282320,16150118.00
2013/06/17,4.93,5.02,4.90,4.98,4026948,19986300.00
2013/06/18,4.99,4.99,4.80,4.85,6510062,31828048.00
2013/06/19,4.81,4.85,4.66,4.78,4683976,22266758.00
2013/06/20,4.76,4.78,4.67,4.68,2995900,14140824.00
2013/06/21,4.65,4.65,4.51,4.60,3826540,17548908.00
2013/06/24,4.59,4.59,4.27,4.28,4764249,21114946.00
2013/06/25,4.23,4.26,3.93,4.18,6201682,25653408.00
2013/06/26,4.19,4.24,4.09,4.17,4258319,17617536.00
2013/06/27,4.17,4.21,4.00,4.01,7106383,29175532.00
2013/06/28,3.98,3.99,3.73,3.81,10957187,42166848.00
2013/07/01,3.80,3.81,3.69,3.81,7634778,28640620.00
2013/07/02,3.79,3.83,3.73,3.83,5121222,19412916.00
2013/07/03,3.81,3.93,3.76,3.90,6480284,24926048.00
2013/07/04,3.86,3.96,3.82,3.90,5125100,19967980.00
2013/07/05,3.90,4.23,3.88,4.11,11775935,48309920.00
2013/07/08,4.00,4.08,3.86,3.89,7394471,29433508.00
2013/07/09,3.90,3.96,3.83,3.89,3797294,14730246.00
2013/07/10,3.89,3.99,3.86,3.98,4020046,15821711.00
2013/07/11,4.00,4.13,3.97,4.12,6490852,26461638.00
2013/07/12,4.10,4.18,4.04,4.06,5278318,21643938.00
2013/07/15,4.04,4.12,4.01,4.08,3934563,16039572.00
2013/07/16,4.07,4.15,4.06,4.14,4082078,16775846.00
2013/07/17,4.14,4.22,4.07,4.08,5848682,24186368.00
2013/07/18,4.10,4.10,4.02,4.05,3000443,12168489.00
2013/07/19,4.05,4.08,3.93,3.95,2706919,10899571.00
2013/07/22,3.95,3.98,3.92,3.96,2810669,11094263.00
2013/07/23,3.96,4.09,3.95,4.05,3970315,16042608.00
2013/07/24,4.02,4.06,3.98,4.03,3583972,14400860.00
2013/07/25,4.03,4.07,3.97,3.99,2801329,11248434.00
2013/07/26,3.97,3.97,3.88,3.89,3419453,13402490.00
2013/07/29,3.91,3.93,3.85,3.88,2096528,8150372.00
2013/07/30,3.85,3.93,3.83,3.89,1584622,6139708.00
2013/07/31,3.91,4.03,3.88,4.02,4847154,19169592.00
2013/08/01,4.03,4.09,3.99,4.08,7555875,30562970.00
2013/08/02,4.12,4.12,4.03,4.05,4652025,18870340.00
2013/08/05,4.06,4.07,3.99,4.06,3878341,15623287.00
2013/08/06,4.04,4.09,4.02,4.08,4492875,18228380.00
2013/08/07,4.05,4.22,4.05,4.11,9157808,37898628.00
2013/08/08,4.08,4.13,4.03,4.11,5212342,21237592.00
2013/08/09,4.09,4.12,4.05,4.10,3659629,14932665.00
2013/08/12,4.09,4.21,4.09,4.21,8794602,36651256.00
2013/08/13,4.19,4.45,4.18,4.41,20516607,88913712.00
2013/08/14,4.38,4.39,4.28,4.31,14142522,61376936.00
2013/08/15,4.31,4.35,4.23,4.24,5434301,23247828.00
2013/08/16,4.21,4.30,4.12,4.13,7491517,31529510.00
2013/08/19,4.08,4.18,4.07,4.16,3795168,15634291.00
2013/08/20,4.13,4.17,4.08,4.11,4271849,17601948.00
2013/08/21,4.11,4.16,4.07,4.14,3408096,14023363.00
2013/08/22,4.15,4.19,4.12,4.14,3935715,16349148.00
2013/08/23,4.16,4.16,4.04,4.08,4499643,18450506.00
2013/08/26,4.08,4.19,4.05,4.16,5177587,21406760.00
2013/08/27,4.14,4.22,4.14,4.22,4736451,19774462.00
2013/08/28,4.18,4.42,4.13,4.34,14535365,62638848.00
2013/08/29,4.43,4.48,4.33,4.34,13594491,59760992.00
2013/08/30,4.31,4.43,4.24,4.32,9595760,41415372.00
2013/09/02,4.30,4.30,4.22,4.27,5728070,24404710.00
2013/09/03,4.27,4.38,4.25,4.36,6305139,27336652.00
2013/09/04,4.36,4.37,4.27,4.30,5126445,22133832.00
2013/09/05,4.27,4.37,4.27,4.29,3874597,16701852.00
2013/09/06,4.29,4.33,4.24,4.31,4223454,18121456.00
2013/09/09,4.31,4.41,4.30,4.39,6312932,27537528.00
2013/09/10,4.39,4.47,4.36,4.46,8562193,37980496.00
2013/09/11,4.47,4.69,4.42,4.58,15856789,72730968.00
2013/09/12,4.57,4.72,4.53,4.59,10787296,49920452.00
2013/09/13,4.68,4.68,4.47,4.56,7973645,36396024.00
2013/09/16,4.60,4.65,4.53,4.53,4239650,19415602.00
2013/09/17,4.49,4.49,4.39,4.39,6300830,27860620.00
2013/09/18,4.39,4.43,4.34,4.41,3254256,14276190.00
2013/09/23,4.44,4.85,4.42,4.85,12607474,59317216.00
2013/09/24,4.99,5.01,4.73,4.84,22863081,111006912.00
2013/09/25,4.72,4.81,4.68,4.77,8904330,42221704.00
2013/09/26,4.71,4.76,4.55,4.56,7974372,36982556.00
2013/09/27,4.56,4.76,4.53,4.66,7924456,36806180.00
2013/09/30,4.71,4.72,4.54,4.60,6029358,27846416.00
2013/10/08,4.59,4.71,4.54,4.70,6587862,30610176.00
2013/10/09,4.68,4.73,4.64,4.71,5029555,23575488.00
2013/10/10,4.71,5.03,4.68,4.80,14650342,71254264.00
2013/10/11,4.80,5.15,4.75,5.11,21416253,107783704.00
2013/10/14,5.08,5.19,4.94,5.03,16046604,81097608.00
2013/10/15,5.00,5.05,4.84,4.91,9024152,44629916.00
2013/10/16,4.92,4.97,4.77,4.89,8991913,43658236.00
2013/10/17,4.97,5.18,4.93,5.10,19315173,98209040.00
2013/10/18,5.06,5.06,4.97,5.00,7960957,39839000.00
2013/10/21,5.00,5.12,4.96,5.09,8676336,43816620.00
2013/10/22,5.06,5.22,5.05,5.16,13920675,71763672.00
2013/10/23,5.14,5.19,4.92,4.95,9558324,48236680.00
2013/10/24,4.97,5.03,4.90,4.93,5256770,26075920.00
2013/10/25,4.90,4.90,4.60,4.66,11363292,53708524.00
2013/10/28,4.66,4.68,4.54,4.57,6048884,27913512.00
2013/10/29,4.57,4.64,4.29,4.45,7505498,33441004.00
2013/10/30,4.44,4.53,4.40,4.52,4663029,20843404.00
2013/10/31,4.50,4.55,4.43,4.46,3461332,15530117.00
2013/11/01,4.46,4.51,4.43,4.48,2496732,11148199.00
2013/11/04,4.46,4.54,4.46,4.53,2478120,11192855.00
2013/11/05,4.53,4.55,4.47,4.55,2477067,11189859.00
2013/11/06,4.53,4.63,4.52,4.53,3484884,15925967.00
2013/11/07,4.50,4.54,4.45,4.52,2614321,11754317.00
2013/11/08,4.51,4.52,4.35,4.37,4408345,19456668.00
2013/11/11,4.39,4.41,4.32,4.39,2317411,10119545.00
2013/11/12,4.41,4.43,4.38,4.42,2427240,10685028.00
2013/11/13,4.42,4.42,4.27,4.28,2876300,12492305.00
2013/11/14,4.29,4.35,4.17,4.31,4655514,19803630.00
2013/11/15,4.28,4.40,4.28,4.36,4791164,20823038.00
2013/11/18,4.35,4.44,4.34,4.43,4982840,21927220.00
2013/11/19,4.42,4.47,4.40,4.46,4832769,21441458.00
2013/11/20,4.46,4.48,4.41,4.47,3085242,13719287.00
2013/11/21,4.56,4.79,4.56,4.69,15270811,71828360.00
2013/11/22,4.60,4.65,4.57,4.60,7045418,32445428.00
2013/11/25,4.56,4.64,4.56,4.60,2693750,12389821.00
2013/11/26,4.60,4.61,4.53,4.53,2802853,12799063.00
2013/11/27,4.53,4.62,4.51,4.60,3359425,15377848.00
2013/11/28,4.64,4.67,4.60,4.60,4216690,19521956.00
2013/11/29,4.59,4.61,4.55,4.60,3627426,16606675.00
2013/12/02,4.54,4.55,4.38,4.45,5430879,24257872.00
2013/12/03,4.40,4.50,4.39,4.48,3740337,16618586.00
2013/12/04,4.48,4.55,4.45,4.51,4427448,19989886.00
2013/12/05,4.51,4.54,4.47,4.52,2912325,13131180.00
2013/12/06,4.51,4.59,4.50,4.54,2423458,11029543.00
2013/12/09,4.53,4.57,4.51,4.55,2064894,9375596.00
2013/12/10,4.56,4.58,4.53,4.54,2029289,9238112.00
2013/12/11,4.57,4.58,4.46,4.50,2588400,11641475.00
2013/12/12,4.47,4.51,4.45,4.46,1870931,8366311.00
2013/12/13,4.45,4.50,4.44,4.46,1999421,8927605.00
2013/12/16,4.46,4.47,4.39,4.39,2894816,12781984.00
2013/12/17,4.40,4.44,4.37,4.41,2078378,9145399.00
2013/12/18,4.41,4.43,4.37,4.42,1750820,7706370.00
2013/12/19,4.47,4.59,4.31,4.39,6776838,30501226.00
2013/12/20,4.34,4.35,4.20,4.26,4734862,20189272.00
2013/12/23,4.25,4.26,4.18,4.21,1628922,6862719.00
2013/12/24,4.21,4.27,4.18,4.19,1709484,7204777.00
2013/12/25,4.20,4.24,4.18,4.22,1392990,5860830.00
2013/12/26,4.23,4.28,4.08,4.19,3237961,13603203.00
2013/12/27,4.19,4.24,4.13,4.22,2577941,10828457.00
2013/12/30,4.21,4.23,4.06,4.08,4320909,17824360.00
2013/12/31,4.05,4.14,4.04,4.11,2940008,12033394.00
2014/01/02,4.11,4.11,4.07,4.10,2654569,10842545.00
2014/01/03,4.07,4.09,4.04,4.07,2006295,8139292.00
2014/01/06,4.05,4.06,3.89,3.91,2647399,10514114.00
2014/01/07,3.89,3.94,3.87,3.93,2098481,8214849.00
2014/01/13,3.65,3.85,3.54,3.54,14717531,52709228.00
2014/01/14,3.45,3.49,3.38,3.48,9328409,31998226.00
2014/01/15,3.46,3.67,3.42,3.63,9343987,32872816.00
2014/01/16,3.63,3.65,3.48,3.57,7643963,27307492.00
2014/01/17,3.53,3.62,3.47,3.49,4299214,15148078.00
2014/01/20,3.48,3.59,3.44,3.51,5427466,19129972.00
2014/01/21,3.51,3.55,3.48,3.51,4067465,14309666.00
2014/01/22,3.51,3.59,3.45,3.58,5467684,19393710.00
2014/01/23,3.57,3.81,3.55,3.69,10282894,38122032.00
2014/01/24,3.65,3.73,3.63,3.70,6703023,24646752.00
2014/01/27,3.65,3.68,3.61,3.63,3257740,11852753.00
2014/01/28,3.63,3.68,3.55,3.61,2896643,10439489.00
2014/01/29,3.63,3.65,3.61,3.64,2002902,7262266.00
2014/01/30,3.56,3.56,3.31,3.41,8054034,27366202.00
2014/02/07,3.36,3.42,3.32,3.42,4724233,15888909.00
2014/02/10,3.40,3.58,3.39,3.55,6958563,24433036.00
2014/02/11,3.53,3.62,3.50,3.57,4733355,16867544.00
2014/02/12,3.56,3.74,3.55,3.74,8106293,29761488.00
2014/02/13,3.74,3.75,3.64,3.65,5419761,20077796.00
2014/02/14,3.70,3.74,3.64,3.74,5245614,19420024.00
2014/02/17,3.77,3.94,3.74,3.89,11441402,44078936.00
2014/02/18,3.85,4.28,3.84,4.28,25661798,107809528.00
2014/02/19,4.29,4.70,4.27,4.46,44244786,198250576.00
2014/02/20,4.41,4.42,4.24,4.29,17978823,77491920.00
2014/02/21,4.25,4.25,4.10,4.13,10314655,42911888.00
2014/02/24,4.08,4.14,3.99,4.10,7330437,29821296.00
2014/02/25,4.13,4.27,3.97,4.00,12065723,50077620.00
2014/02/26,3.98,4.15,3.97,4.12,8633766,35356848.00
2014/02/27,4.11,4.33,4.06,4.18,12923904,54644824.00
2014/02/28,4.13,4.14,3.99,4.09,8639378,35095112.00
2014/03/03,4.09,4.18,4.00,4.14,6090603,25117278.00
2014/03/04,4.14,4.14,4.01,4.07,5437858,22087020.00
2014/03/05,4.11,4.18,4.07,4.12,4697600,19358534.00
2014/03/06,4.14,4.14,4.02,4.09,3336362,13588994.00
2014/03/07,4.09,4.12,4.01,4.03,4096366,16614404.00
2014/03/10,4.03,4.03,3.71,3.78,7684518,29512734.00
2014/03/11,3.74,3.76,3.65,3.68,5030654,18584850.00
2014/03/12,3.66,3.68,3.55,3.61,5514625,19963012.00
2014/03/13,3.60,3.66,3.55,3.66,5046870,18203010.00
2014/03/14,3.63,3.65,3.57,3.59,3848107,13867312.00
2014/03/17,3.60,3.66,3.56,3.65,3130620,11301520.00
2014/03/18,3.67,3.75,3.61,3.70,5780959,21376732.00
2014/03/19,3.72,3.75,3.66,3.75,4234957,15706005.00
2014/03/20,3.75,3.76,3.62,3.63,3270700,12102473.00
2014/03/21,3.63,3.73,3.57,3.72,3011473,11030024.00
2014/03/24,3.74,3.87,3.73,3.82,5991218,22826288.00
2014/03/25,3.82,3.85,3.76,3.77,5191702,19715732.00
2014/03/26,3.80,3.85,3.76,3.78,2490106,9441451.00
2014/03/27,3.80,3.80,3.67,3.67,4059225,15070145.00
2014/03/28,3.66,3.67,3.57,3.59,4181505,15109047.00
2014/03/31,3.58,3.60,3.52,3.55,2981938,10604703.00
2014/04/01,3.52,3.62,3.52,3.62,2067104,7416557.00
2014/04/02,3.65,3.65,3.61,3.61,2073142,7530034.00
2014/04/03,3.61,3.63,3.57,3.59,2047321,7361865.00
2014/04/04,3.58,3.63,3.55,3.63,2335638,8388088.00
2014/04/08,3.62,3.66,3.58,3.65,3450622,12502518.00
2014/04/09,3.65,3.68,3.64,3.68,3060771,11211162.00
2014/04/10,3.68,3.68,3.63,3.67,4336252,15848073.00
2014/04/11,3.66,3.66,3.61,3.63,2510498,9104952.00
2014/04/14,3.65,3.70,3.65,3.69,3697119,13586412.00
2014/04/15,3.69,3.70,3.63,3.64,2523198,9206225.00
2014/04/16,3.63,3.66,3.60,3.61,3113628,11277183.00
2014/04/17,3.61,3.64,3.59,3.60,2540352,9173114.00
2014/04/18,3.61,3.63,3.58,3.62,2393643,8629497.00
2014/04/21,3.59,3.66,3.56,3.57,3167743,11482983.00
2014/04/22,3.55,3.58,3.45,3.50,3205291,11253323.00
2014/04/23,3.50,3.52,3.46,3.51,1861397,6497113.00
2014/04/24,3.51,3.52,3.46,3.47,2694199,9396696.00
2014/04/25,3.46,3.47,3.40,3.41,2019351,6952017.00
2014/04/28,3.40,3.43,3.30,3.31,2973576,9961106.00
2014/04/29,3.29,3.34,3.25,3.34,3895610,12854279.00
2014/05/05,3.17,3.17,3.17,3.17,1290700,4091519.00
2014/05/06,3.05,3.15,3.05,3.11,9472452,29228160.00
2014/05/07,3.09,3.14,3.05,3.06,4980664,15389366.00
2014/05/08,3.05,3.11,3.04,3.07,2895180,8903058.00
2014/05/09,3.07,3.09,3.03,3.06,2938971,8950176.00
2014/05/12,3.06,3.12,3.04,3.10,4288002,13229766.00
2014/05/13,3.11,3.13,3.06,3.08,4238799,13092814.00
2014/05/14,3.08,3.09,3.06,3.07,1989019,6123419.00
2014/05/15,3.07,3.08,2.98,2.98,3720599,11256536.00
2014/05/16,2.98,2.98,2.91,2.93,4987456,14648310.00
2014/05/19,2.92,2.92,2.87,2.91,3697435,10709276.00
2014/05/20,2.91,2.94,2.90,2.92,1983213,5781536.00
2014/05/21,2.91,2.92,2.87,2.92,2040185,5926658.00
2014/05/22,2.92,2.95,2.90,2.91,2835985,8306100.00
2014/05/23,2.90,2.92,2.89,2.92,1907859,5546675.00
2014/05/26,2.92,2.95,2.91,2.93,2930698,8590308.00
2014/05/27,2.94,2.95,2.90,2.92,2700930,7901493.00
2014/05/28,2.91,2.94,2.89,2.93,3200175,9325710.00
2014/05/29,2.92,2.94,2.90,2.90,3830417,11175293.00
2014/05/30,2.90,2.91,2.88,2.89,2412102,6983633.00
2014/06/03,2.89,2.90,2.86,2.86,2806300,8088396.00
2014/06/04,2.86,2.86,2.79,2.80,4971377,13993315.00
2014/06/05,2.80,2.94,2.79,2.92,7538278,21746302.00
2014/06/06,2.90,2.91,2.85,2.86,3245258,9338195.00
2014/06/09,2.87,2.89,2.84,2.84,1901800,5444930.00
2014/06/10,2.84,2.88,2.82,2.87,2168549,6177599.00
2014/06/11,2.87,2.90,2.85,2.89,2033389,5852187.00
2014/06/12,2.88,2.91,2.87,2.89,1545108,4464392.00
2014/06/13,2.89,2.92,2.88,2.91,1975958,5740179.00
2014/06/16,2.90,2.97,2.90,2.96,4085933,12056810.00
2014/06/17,2.97,2.98,2.92,2.93,2157010,6341067.00
2014/06/18,2.94,2.94,2.91,2.93,2358926,6891383.00
2014/06/19,2.93,2.95,2.82,2.83,3304200,9552323.00
2014/06/20,2.84,2.86,2.83,2.86,1814880,5169665.00
2014/06/23,2.86,2.89,2.85,2.87,1651005,4752939.00
2014/06/24,2.87,2.95,2.87,2.94,3323420,9708816.00
2014/06/25,2.93,2.99,2.91,2.93,3270300,9676198.00
2014/06/26,2.93,2.97,2.93,2.95,2557011,7547652.00
2014/06/27,2.95,2.97,2.93,2.96,2688082,7929871.00
2014/06/30,2.96,2.96,2.94,2.95,2138520,6308125.00
2014/07/01,2.96,2.98,2.94,2.97,2351516,6965374.00
2014/07/02,2.96,3.07,2.96,3.02,4609911,13949927.00
2014/07/03,3.02,3.05,3.01,3.03,2854700,8653796.00
2014/07/04,3.03,3.04,2.99,3.01,2847011,8560764.00
2014/07/07,2.96,2.98,2.93,2.95,3651963,10789885.00
2014/07/08,2.94,2.97,2.94,2.96,1651014,4883106.00
2014/07/09,2.96,2.97,2.89,2.90,3223700,9434892.00
2014/07/10,2.90,2.93,2.89,2.92,1603869,4672480.00
2014/07/11,2.92,2.96,2.91,2.96,1847380,5427207.00
2014/07/14,2.95,3.02,2.94,3.01,2903429,8686943.00
2014/07/15,2.99,3.01,2.97,2.99,3090360,9236785.00
2014/07/16,2.99,3.02,2.98,3.00,5094533,15264499.00
2014/07/17,3.00,3.01,2.93,2.96,3616212,10741863.00
2014/07/18,2.95,2.99,2.95,2.98,1774748,5275830.00
2014/07/21,2.97,2.97,2.93,2.94,1853425,5462331.00
2014/07/22,2.94,2.97,2.93,2.96,2095995,6198002.00
2014/07/23,2.96,2.97,2.94,2.95,3165071,9350668.00
2014/07/24,2.94,2.97,2.94,2.96,2409348,7111058.00
2014/07/25,2.96,3.01,2.95,3.00,4469235,13359160.00
2014/07/28,3.01,3.06,3.00,3.05,5591595,17016718.00
2014/07/29,3.06,3.11,3.03,3.08,8396991,25734080.00
2014/07/30,3.08,3.09,3.05,3.06,4494458,13761545.00
2014/07/31,3.05,3.10,3.04,3.10,3530672,10855877.00
2014/08/01,3.09,3.12,3.07,3.08,5261246,16293848.00
2014/08/04,3.07,3.13,3.06,3.13,4498199,13956629.00
2014/08/05,3.13,3.16,3.11,3.15,4230457,13239049.00
2014/08/06,3.15,3.31,3.13,3.25,11353752,36842524.00
2014/08/07,3.25,3.33,3.19,3.20,8326548,27108380.00
2014/08/08,3.21,3.26,3.20,3.23,4191411,13500559.00
2014/08/11,3.24,3.26,3.22,3.26,4696406,15259449.00
2014/08/12,3.26,3.27,3.23,3.25,3975487,12901049.00
2014/08/13,3.24,3.25,3.19,3.21,6017677,19327064.00
2014/08/14,3.21,3.26,3.20,3.23,4801739,15547566.00
2014/08/15,3.23,3.25,3.22,3.25,2899544,9391385.00
2014/08/18,3.24,3.33,3.24,3.30,5597337,18363164.00
2014/08/19,3.31,3.33,3.28,3.32,4762226,15760163.00
2014/08/20,3.32,3.48,3.31,3.43,9811639,33489462.00
2014/08/21,3.42,3.53,3.40,3.49,9223895,32113140.00
2014/08/22,3.46,3.49,3.43,3.45,6006384,20757644.00
2014/08/25,3.49,3.56,3.47,3.50,7816731,27421400.00
2014/08/26,3.49,3.52,3.33,3.35,8580300,29290744.00
2014/08/27,3.35,3.39,3.33,3.37,4596518,15431887.00
2014/08/28,3.39,3.49,3.39,3.43,7658952,26366944.00
2014/08/29,3.43,3.46,3.37,3.42,4300004,14692357.00
2014/09/01,3.32,3.40,3.32,3.39,6894682,23194036.00
2014/09/02,3.40,3.47,3.37,3.45,6212839,21352240.00
2014/09/03,3.45,3.50,3.44,3.48,5810695,20150108.00
2014/09/04,3.49,3.50,3.46,3.48,5332355,18514020.00
2014/09/05,3.47,3.51,3.46,3.50,5514008,19199012.00
2014/09/09,3.49,3.62,3.49,3.59,8513207,30398202.00
2014/09/10,3.60,3.62,3.55,3.61,5462972,19623944.00
2014/09/11,3.60,3.74,3.59,3.68,12532911,46084600.00
2014/09/12,3.68,3.86,3.65,3.86,11604873,44359564.00
2014/09/15,3.90,4.05,3.90,3.91,17878677,71020768.00
2014/09/16,3.87,4.09,3.86,3.90,15398234,61322328.00
2014/09/17,3.87,3.95,3.81,3.90,8645574,33598616.00
2014/09/18,3.89,3.89,3.76,3.80,11795709,44985504.00
2014/09/19,3.79,3.85,3.77,3.84,5589213,21343624.00
2014/09/22,3.81,3.82,3.65,3.66,10729903,39719136.00
2014/09/23,3.65,3.73,3.64,3.70,6581366,24293388.00
2014/09/24,3.68,3.83,3.67,3.82,7233282,27398176.00
2014/09/25,3.86,3.94,3.79,3.84,9673717,37498056.00
2014/09/26,3.82,3.91,3.81,3.90,6387584,24797210.00
2014/09/29,3.94,4.10,3.94,4.10,15407542,61886216.00
2014/09/30,4.16,4.27,4.05,4.07,11362789,47282972.00
2014/10/08,3.90,4.12,3.87,4.09,22661787,90048944.00
2014/10/09,4.05,4.29,4.04,4.29,23745368,100792456.00
2014/10/10,4.30,4.39,4.20,4.27,19029687,81795296.00
2014/10/13,4.21,4.25,4.06,4.22,18267751,75438536.00
2014/10/14,4.15,4.25,4.11,4.17,9579951,39987084.00
2014/10/15,4.17,4.21,4.05,4.14,7455027,30784830.00
2014/10/16,4.11,4.17,4.01,4.06,8487057,34890060.00
2014/10/17,4.07,4.07,3.91,4.01,9300008,37012944.00
2014/10/20,4.00,4.01,3.89,4.00,7954965,31531882.00
2014/10/21,3.99,4.09,3.97,3.99,6099226,24614048.00
2014/10/22,4.00,4.05,3.93,3.94,4315390,17279292.00
2014/10/23,3.94,3.98,3.74,3.81,9592360,36813684.00
2014/10/24,3.80,3.86,3.77,3.79,4415700,16854524.00
2014/10/27,3.79,3.83,3.70,3.79,6658651,25206534.00
2014/10/28,3.81,3.98,3.79,3.98,10632450,41575776.00
2014/10/29,3.97,4.11,3.96,4.05,9065215,36723488.00
2014/10/30,4.05,4.09,4.02,4.05,7728247,31320604.00
2014/10/31,4.03,4.09,3.99,4.05,8166647,32940500.00
2014/11/03,4.03,4.03,3.96,3.98,9086313,36280736.00
2014/11/04,3.97,4.00,3.91,3.93,7121030,28243684.00
2014/11/05,3.90,3.93,3.81,3.90,10760321,41547980.00
2014/11/06,3.88,3.95,3.86,3.92,5101610,19962400.00
2014/11/07,3.90,3.93,3.85,3.87,7091097,27575822.00
2014/11/10,3.86,3.93,3.84,3.92,6312645,24580068.00
2014/11/11,3.95,3.95,3.77,3.83,7547058,29055486.00
2014/11/12,3.80,3.88,3.74,3.88,4971337,19030172.00
2014/11/13,3.86,3.89,3.80,3.85,5839320,22412116.00
2014/11/14,3.83,3.86,3.79,3.82,4384566,16733280.00
2014/11/17,3.78,3.86,3.77,3.81,6274941,23948508.00
2014/11/18,3.81,3.85,3.78,3.82,4535223,17303288.00
2014/11/19,3.83,3.85,3.75,3.78,5485449,20877060.00
2014/11/20,3.77,3.80,3.72,3.75,6074595,22852578.00
2014/11/21,3.73,3.80,3.72,3.78,4875608,18340140.00
2014/11/24,3.80,3.87,3.78,3.83,7691020,29368068.00
2014/11/25,3.83,3.85,3.78,3.84,7236591,27632152.00
2014/11/26,3.84,4.03,3.84,4.01,19453746,77090424.00
2014/12/16,4.21,4.21,4.10,4.21,20424198,85557440.00
2014/12/17,4.35,4.35,4.04,4.05,25532727,106949048.00
2014/12/18,4.06,4.16,4.00,4.13,11710480,47950536.00
2014/12/19,4.18,4.19,4.00,4.05,11819230,48024488.00
2014/12/22,4.04,4.05,3.85,3.85,16893341,65839492.00
2014/12/23,3.90,4.04,3.86,4.04,8690295,34609156.00
2014/12/24,4.15,4.24,4.04,4.16,21196291,88132568.00
2014/12/29,4.37,4.37,4.37,4.37,1831694,8004503.00
2014/12/30,4.59,4.59,4.40,4.43,28107814,126996304.00
2014/12/31,2.95,3.10,2.91,3.10,23870813,73784392.00
2015/01/05,3.17,3.17,3.02,3.09,31929813,98922912.00
2015/01/06,3.07,3.11,3.02,3.07,20489079,62567576.00
2015/01/07,3.07,3.12,3.05,3.09,15405825,47617600.00
2015/01/08,3.12,3.24,3.11,3.24,18806204,60645044.00
2015/01/09,3.35,3.40,3.24,3.28,44937951,150731968.00
2015/01/12,3.14,3.24,3.12,3.14,20170456,63611028.00
2015/01/13,3.17,3.26,3.17,3.24,12619188,40677520.00
2015/01/14,3.31,3.31,3.23,3.29,12951259,42321756.00
2015/01/15,3.29,3.35,3.25,3.30,9365169,30848420.00
2015/01/16,3.27,3.29,3.18,3.22,15875598,51171424.00
2015/01/19,3.17,3.18,3.06,3.08,13620878,42372976.00
2015/01/20,3.12,3.15,3.08,3.14,9845758,30745368.00
2015/01/21,3.12,3.20,3.12,3.19,10625156,33650368.00
2015/01/22,3.18,3.30,3.15,3.24,14083901,45683356.00
2015/01/23,3.24,3.39,3.22,3.37,24162619,80470000.00
2015/01/26,3.42,3.42,3.34,3.39,15352951,51908152.00
2015/01/27,3.39,3.39,3.32,3.37,12132082,40744868.00
2015/01/28,3.36,3.54,3.35,3.47,18010127,62680064.00
2015/01/29,3.43,3.63,3.43,3.61,22825190,81143112.00
2015/01/30,3.61,3.79,3.61,3.79,31165506,117444472.00
2015/02/02,3.80,3.80,3.60,3.60,35907909,130813928.00
2015/02/03,3.53,3.60,3.47,3.54,18618093,65681724.00
2015/02/04,3.55,3.72,3.54,3.72,23838913,87401848.00
2015/02/05,3.74,3.90,3.68,3.76,30779081,117391048.00
2015/02/06,3.69,3.83,3.61,3.65,18194105,67480784.00
2015/02/09,3.65,3.78,3.65,3.69,10001190,37128936.00
2015/02/10,3.66,3.74,3.56,3.67,14326617,52067440.00
2015/02/11,3.65,3.78,3.65,3.75,10139709,37800776.00
2015/02/12,3.76,3.85,3.76,3.81,10370622,39492872.00
2015/02/13,3.86,4.00,3.83,3.98,21712876,85599360.00
2015/02/16,3.97,4.09,3.88,4.05,21804958,87831712.00
2015/02/17,4.07,4.25,4.04,4.25,20315217,84913552.00
2015/02/25,4.25,4.38,4.22,4.23,18867849,80803176.00
2015/02/26,4.20,4.28,4.18,4.26,10850399,45924952.00
2015/02/27,4.26,4.38,4.26,4.34,10262487,44543728.00
2015/03/02,4.35,4.56,4.34,4.56,21949591,98931176.00
2015/03/03,4.57,4.79,4.56,4.79,18500161,88007720.00
2015/03/04,4.96,5.03,4.95,5.03,7209027,36142736.00
2015/03/05,5.28,5.28,5.28,5.28,3333637,17601604.00
2015/03/06,5.54,5.54,5.54,5.54,1901093,10532055.00
2015/03/09,5.82,5.82,5.82,5.82,1036106,6030137.00
2015/03/10,6.11,6.11,5.53,5.53,15251300,87845056.00
2015/03/11,5.25,5.25,5.25,5.25,3446800,18095700.00
2015/03/12,4.99,5.51,4.99,5.01,62997898,323270336.00
2015/03/13,4.95,5.11,4.89,5.10,24574444,123260304.00
2015/03/16,5.27,5.36,5.12,5.36,12877421,68210032.00
2015/03/17,5.62,5.63,5.39,5.53,43017514,239698544.00
2015/03/18,5.53,5.61,5.42,5.57,23940310,132035872.00
2015/03/19,5.58,5.85,5.56,5.85,30629945,177159232.00
2015/03/20,5.86,6.14,5.85,6.14,24025702,145684688.00
2015/03/23,6.45,6.45,6.18,6.45,43957094,280497952.00
2015/03/24,6.47,6.77,6.23,6.77,52163441,346722688.00
2015/03/25,6.92,6.93,6.53,6.70,33016442,223958128.00
2015/03/26,6.60,6.60,6.37,6.37,34353164,221054144.00
2015/03/27,6.21,6.69,6.21,6.69,31044270,203174368.00
2015/03/30,6.56,6.85,6.50,6.57,27424387,181967104.00
2015/03/31,6.51,6.57,6.24,6.35,29289437,186835024.00
2015/04/01,6.34,6.58,6.33,6.41,18043543,116504256.00
2015/04/02,6.41,6.54,6.37,6.43,17425674,112212440.00
2015/04/03,6.41,6.62,6.35,6.59,23141835,151249552.00
2015/04/07,6.64,6.73,6.51,6.56,24858077,163497584.00
2015/04/08,6.58,6.64,6.28,6.51,24002260,155512928.00
2015/04/09,6.49,6.50,6.18,6.27,24914073,156702752.00
2015/04/10,6.24,6.58,6.21,6.58,20941951,135072608.00
2015/04/13,6.79,6.88,6.65,6.68,27265277,184140384.00
2015/04/14,6.77,6.77,6.48,6.53,22171318,146475280.00
2015/04/15,6.50,6.50,6.20,6.22,20977615,132158992.00
2015/04/16,6.16,6.34,6.01,6.25,16970554,105510976.00
2015/04/17,6.22,6.41,6.22,6.31,18907720,119615224.00
2015/04/20,6.28,6.30,6.06,6.08,26751395,165408288.00
2015/04/21,6.13,6.38,6.13,6.38,20465710,129057392.00
2015/04/22,6.56,6.70,6.56,6.70,12471313,83397608.00
2015/04/23,7.04,7.04,6.99,7.04,19946517,140305904.00
2015/04/24,7.39,7.39,7.09,7.26,53280951,387648608.00
2015/04/27,7.34,7.62,7.28,7.42,39683535,295702880.00
2015/04/28,7.49,7.63,7.05,7.05,40412198,290709024.00
2015/04/29,7.02,7.14,6.75,7.08,23476536,163236304.00
2015/05/04,7.30,7.79,7.22,7.79,44840710,343591200.00
2015/05/05,8.57,8.57,8.38,8.57,24373543,208561472.00
2015/05/06,9.43,9.43,7.87,8.10,130557664,1143444608.00
2015/05/07,7.79,7.81,7.29,7.29,60098564,449045056.00
2015/05/08,7.26,7.48,7.08,7.39,40512297,295634432.00
2015/05/11,7.48,8.13,7.24,8.13,65722668,518789824.00
2015/05/12,8.27,8.94,8.27,8.94,89649428,777913600.00
2015/05/13,8.94,9.56,8.60,8.95,84593207,774537664.00
2015/05/14,8.94,8.95,8.54,8.72,49787517,433669568.00
2015/05/15,8.65,8.65,8.22,8.37,38689133,323882624.00
2015/05/18,8.39,9.09,8.39,8.77,48928164,432367744.00
2015/05/19,8.78,8.94,8.45,8.73,35296524,305953504.00
2015/05/20,8.70,8.87,8.55,8.63,45754757,398804896.00
2015/05/21,8.57,8.83,8.35,8.81,40953275,348523008.00
2015/05/22,8.87,9.20,8.67,8.94,55383796,495120576.00
2015/05/25,8.89,9.19,8.63,9.18,62288860,560937536.00
2015/05/26,9.29,9.40,9.01,9.29,59829944,551513088.00
2015/05/27,9.30,10.22,9.09,10.22,94912050,938843968.00
2015/05/28,10.30,10.94,9.35,9.39,105142870,1084679424.00
2015/05/29,9.29,9.72,8.68,9.24,58294481,536642368.00
2015/06/01,9.29,9.85,9.25,9.81,48885063,467055936.00
2015/06/02,9.84,10.27,9.70,10.16,53446665,534079360.00
2015/06/03,10.16,10.16,9.58,9.75,50499662,495941600.00
2015/06/04,9.73,9.73,8.80,9.52,45517636,423977152.00
2015/06/05,9.58,9.88,9.40,9.75,52369678,506568576.00
2015/06/08,9.76,10.41,9.76,10.12,61658932,624207488.00
2015/06/09,10.16,10.20,9.71,9.95,42700942,422834880.00
2015/06/10,9.89,10.00,9.58,9.87,36108523,355506208.00
2015/06/11,9.86,10.28,9.62,10.18,50737610,503128832.00
2015/06/12,10.19,10.73,10.10,10.38,70414941,735034752.00
2015/06/15,10.35,10.35,9.90,9.99,50104190,506658208.00
2015/06/16,9.81,9.86,9.38,9.42,36925790,355048160.00
2015/06/17,9.30,9.77,8.90,9.65,37104298,346014624.00
2015/06/18,9.69,9.69,9.10,9.18,27499847,259894688.00
2015/06/19,8.94,9.05,8.26,8.26,32036433,276487296.00
2015/06/23,8.26,8.42,7.44,8.16,30937142,247459648.00
2015/06/24,8.27,8.98,8.25,8.98,25323346,219586256.00
2015/06/25,9.58,9.88,9.12,9.64,107605780,1036891264.00
2015/06/26,9.08,9.46,8.68,8.68,51299419,462464320.00
2015/06/29,8.96,9.27,7.88,9.00,68781249,606787264.00
2015/06/30,8.90,9.86,8.20,9.81,75325675,689634368.00
2015/07/01,9.81,10.50,9.50,9.60,100789159,1017188224.00
2015/07/02,9.50,9.50,8.64,8.64,58423124,519047264.00
2015/07/03,7.98,8.71,7.78,7.78,45730090,361826528.00
2015/07/06,8.55,8.55,7.00,7.00,56980871,430548064.00
2015/07/07,6.33,6.47,6.30,6.30,11758700,74488936.00
2015/07/08,5.67,5.67,5.67,5.67,1752500,9936675.00
2015/07/09,5.10,6.24,5.10,6.24,69367395,400182784.00
2015/07/10,6.30,6.86,6.00,6.86,74922717,502432704.00
2015/07/13,7.05,7.55,6.86,7.55,76392659,556178944.00
2015/07/14,7.53,7.88,7.00,7.07,68969829,511591808.00
2015/07/15,6.89,6.90,6.36,6.36,35758754,233777008.00
2015/07/16,5.88,6.61,5.79,6.29,29931203,188454336.00
2015/07/17,6.30,6.72,6.30,6.62,28660097,187122832.00
2015/07/20,6.53,6.94,6.53,6.66,31591977,211554016.00
2015/07/21,6.56,6.83,6.48,6.73,25580430,171230208.00
2015/07/22,6.75,6.88,6.51,6.72,28708850,192806064.00
2015/07/23,6.70,6.91,6.60,6.90,38379184,260364288.00
2015/07/24,6.85,7.15,6.83,7.05,52778564,371011968.00
2015/07/27,6.90,7.06,6.35,6.35,31844423,215581152.00
2015/07/28,5.86,6.40,5.72,5.91,38466960,228703360.00
2015/07/29,6.01,6.27,5.78,6.21,24228803,145817280.00
2015/07/30,6.12,6.21,5.86,5.93,27004772,164090272.00
2015/07/31,5.83,5.89,5.59,5.67,18205831,104389104.00
2015/08/03,5.66,5.94,5.31,5.85,23551417,130990208.00
2015/08/04,5.84,6.15,5.73,6.15,23811577,142195152.00
2015/08/05,6.16,6.33,6.04,6.07,25618358,158691760.00
2015/08/06,6.05,6.12,5.89,5.94,14720998,88218832.00
2015/08/07,5.94,6.13,5.94,6.11,17131287,104223400.00
2015/08/10,6.15,6.45,6.10,6.38,31373329,197089952.00
2015/08/11,6.38,6.67,6.30,6.48,36724182,237909440.00
2015/08/12,6.37,6.47,6.30,6.31,19347926,123438616.00
2015/08/13,6.29,6.52,6.26,6.49,21799234,139336464.00
2015/08/14,6.56,6.73,6.45,6.59,30032330,197378832.00
2015/08/17,6.48,6.70,6.30,6.69,35480043,230415776.00
2015/08/18,6.63,6.68,6.02,6.02,32368402,206287680.00
2015/08/19,5.82,6.16,5.51,6.10,23863195,140543168.00
2015/08/20,5.65,6.70,5.49,5.91,314494762,1853051392.00
2015/08/21,5.59,5.64,5.32,5.38,194971235,1061426880.00
2015/08/24,5.03,5.19,4.84,4.84,55765166,273236928.00
2015/08/25,4.36,4.46,4.36,4.36,45007769,196662240.00
2015/08/26,4.37,4.69,3.92,4.04,117639599,493218560.00
2015/08/27,4.10,4.28,3.81,4.10,86257432,349663808.00
2015/08/28,4.11,4.36,4.00,4.35,124799215,518505120.00
2015/08/31,4.26,4.26,3.92,3.98,99164886,401757504.00
2015/09/01,3.97,3.97,3.59,3.60,62719296,233360688.00
2015/09/02,3.43,3.76,3.31,3.44,56201216,199264320.00
2015/09/07,3.54,3.78,3.50,3.78,92428242,339995296.00
2015/09/08,3.70,3.93,3.67,3.90,69188705,262783328.00
2015/09/09,3.96,4.05,3.87,4.04,76042767,302760544.00
2015/09/10,3.96,3.99,3.83,3.85,50193819,197221152.00
2015/09/11,3.85,3.99,3.78,3.97,49957616,195070544.00
2015/09/14,3.99,4.02,3.57,3.57,52693244,198013568.00
2015/09/15,3.46,3.70,3.43,3.48,47393257,169072224.00
2015/09/16,3.53,3.83,3.51,3.81,48316061,176299296.00
2015/09/17,3.76,3.90,3.67,3.68,54983602,208594912.00
2015/09/18,3.70,3.76,3.61,3.70,30365356,111902536.00
2015/09/21,3.66,3.80,3.63,3.78,29875841,111914032.00
2015/09/22,3.78,3.96,3.76,3.86,42654305,163296208.00
2015/09/23,3.79,3.82,3.72,3.74,33383803,125803040.00
2015/09/24,3.76,3.82,3.74,3.80,25414370,96080192.00
2015/09/25,3.80,3.81,3.57,3.63,29218326,107998208.00
2015/09/28,3.60,3.66,3.56,3.65,17258350,62428548.00
2015/09/29,3.57,3.58,3.47,3.49,28256677,99481040.00
2015/09/30,3.49,3.57,3.47,3.56,27607404,97268896.00
2015/10/08,3.66,3.75,3.64,3.71,32067935,118318480.00
2015/10/09,3.71,3.81,3.67,3.78,32382578,121266792.00
2015/10/12,3.78,4.16,3.76,4.16,51327605,206265120.00
2015/10/13,4.20,4.43,4.17,4.31,124607612,537389504.00
2015/10/14,4.22,4.40,4.13,4.26,88339933,376240608.00
2015/10/15,4.20,4.36,4.20,4.35,65242519,281424032.00
2015/10/16,4.35,4.79,4.35,4.79,169390094,798981312.00
2015/10/19,4.75,4.75,4.59,4.66,118206928,551411072.00
2015/10/20,4.60,4.69,4.51,4.68,73266081,337084192.00
2015/10/21,4.66,4.66,4.21,4.21,98608633,440006912.00
2015/10/22,4.19,4.38,4.04,4.34,70853217,301566400.00
2015/10/23,4.35,4.62,4.28,4.57,85733359,380334016.00
2015/10/26,4.58,4.77,4.45,4.53,115846086,528498752.00
2015/10/27,4.44,4.46,4.21,4.44,74497565,324349888.00
2015/10/28,4.38,4.43,4.26,4.29,54943255,238370080.00
2015/10/29,4.30,4.38,4.26,4.34,39533876,170798208.00
2015/10/30,4.34,4.34,4.20,4.25,37676648,160667584.00
2015/11/02,4.15,4.55,4.10,4.28,68217326,293224896.00
2015/11/03,4.16,4.35,4.16,4.24,39888587,169191808.00
2015/11/04,4.24,4.43,4.22,4.39,64459978,280242112.00
2015/11/05,4.40,4.54,4.39,4.47,90664326,403317856.00
2015/11/06,4.50,4.53,4.44,4.51,78888078,354054208.00
2015/11/09,4.48,4.55,4.43,4.53,67218982,302134080.00
2015/11/10,4.51,4.55,4.42,4.54,72310193,325531168.00
2015/11/11,4.52,4.75,4.52,4.64,111612636,517873376.00
2015/11/12,4.61,4.67,4.46,4.52,75482552,343718816.00
2015/11/13,4.47,4.47,4.31,4.36,58953082,259121440.00
2015/11/16,4.21,4.40,4.21,4.39,43287835,186625184.00
2015/11/17,4.41,4.48,4.35,4.37,46415290,205559824.00
2015/11/18,4.38,4.39,4.27,4.29,33388555,144849904.00
2015/11/19,4.33,4.37,4.28,4.37,26678492,115573592.00
2015/11/20,4.37,4.48,4.36,4.45,46330299,205074352.00
2015/11/23,4.50,4.64,4.46,4.51,77170076,351445120.00
2015/11/24,4.50,4.56,4.42,4.49,41814400,187581344.00
2015/11/25,4.48,4.56,4.47,4.51,61036034,275063936.00
2015/11/26,4.52,4.66,4.50,4.56,73074547,334041920.00
2015/11/27,4.57,4.58,4.10,4.15,83764078,363478112.00
2015/11/30,4.14,4.22,3.81,4.03,54713190,222197120.00
2015/12/01,4.04,4.07,3.99,4.05,42317373,170477680.00
2015/12/02,4.04,4.05,3.90,4.05,43184088,171883104.00
2015/12/03,4.01,4.14,4.00,4.12,44460619,180637056.00
2015/12/04,4.10,4.20,4.08,4.15,49271794,204556624.00
2015/12/07,4.15,4.20,4.10,4.17,27047006,112429648.00
2015/12/08,4.14,4.14,4.00,4.00,36601687,147734336.00
2015/12/09,4.00,4.03,3.96,4.00,22478000,89846848.00
2015/12/10,3.98,4.02,3.88,3.91,30963904,122417224.00
2015/12/11,3.89,3.90,3.82,3.86,23858997,92004176.00
2015/12/14,3.82,3.97,3.80,3.96,29042027,113791224.00
2015/12/15,3.97,4.06,3.97,4.00,29926320,120057504.00
2015/12/16,4.00,4.05,3.95,3.99,32567025,130130392.00
2015/12/17,4.00,4.09,4.00,4.06,45253073,183290288.00
2015/12/18,4.06,4.08,3.98,4.00,37319386,149924560.00
2015/12/21,3.95,4.06,3.95,4.03,40670332,163131520.00
2015/12/22,4.04,4.43,4.00,4.43,95068248,406246912.00
2015/12/23,4.48,4.86,4.44,4.58,250952902,1162772608.00
2015/12/24,4.45,4.53,4.31,4.44,95507711,421755744.00
2015/12/25,4.43,4.46,4.33,4.36,59431510,259653760.00
2015/12/28,4.37,4.41,4.16,4.18,64949012,279344480.00
2015/12/29,4.17,4.25,4.14,4.24,45341425,190384688.00
2015/12/30,4.25,4.25,4.15,4.18,43961809,184263632.00
2015/12/31,4.18,4.49,4.16,4.27,96329413,417025856.00
2016/01/04,4.21,4.29,3.84,3.85,87618407,354670976.00
2016/01/05,3.70,3.91,3.52,3.71,95760168,355918464.00
2016/01/06,3.73,4.05,3.63,3.94,244648521,918015616.00
2016/01/07,3.80,3.80,3.55,3.55,51174800,186492928.00
2016/01/08,3.62,3.71,3.35,3.60,147802409,533503616.00
2016/01/11,3.48,3.56,3.24,3.24,131397329,446715104.00
2016/01/12,3.21,3.29,3.12,3.25,73070380,235188368.00
2016/01/13,3.23,3.34,3.14,3.15,65841632,213802192.00
2016/01/14,3.05,3.25,3.01,3.23,67804027,212803808.00
2016/01/15,3.19,3.21,2.98,3.00,92612198,284514592.00
2016/01/18,2.91,3.09,2.91,3.02,60223400,181354144.00
2016/01/19,3.00,3.12,2.99,3.12,105664711,323478528.00
2016/01/20,3.07,3.10,3.01,3.06,84138734,257933152.00
2016/01/21,3.01,3.07,2.95,2.96,64273728,193434480.00
2016/01/22,2.99,3.01,2.90,2.98,66002792,195663520.00
2016/01/25,3.01,3.28,2.98,3.28,146261418,471995328.00
2016/01/26,3.28,3.41,3.10,3.15,254867373,838917184.00
2016/01/27,3.17,3.20,2.88,3.09,141975894,430064000.00
2016/01/28,3.03,3.06,2.91,2.94,76229031,228319792.00
2016/01/29,2.93,3.23,2.90,3.10,111805588,345943328.00
2016/02/01,2.93,3.02,2.90,2.97,92552408,274717568.00
2016/02/02,2.94,3.08,2.93,3.04,64449132,195150640.00
2016/02/03,2.98,3.04,2.96,3.01,55053650,164521648.00
2016/02/04,3.02,3.16,3.00,3.06,80216555,246025488.00
2016/02/05,3.07,3.08,2.99,3.00,53918217,163437088.00
2016/02/15,2.92,2.99,2.88,2.97,44146968,129805440.00
2016/02/16,2.98,3.19,2.97,3.12,100488048,310946528.00
2016/02/17,3.09,3.16,3.07,3.15,83125913,258815744.00
2016/02/18,3.17,3.33,3.14,3.16,129183042,414906240.00
2016/02/19,3.11,3.15,3.08,3.14,78097112,243449936.00
2016/02/22,3.16,3.23,3.15,3.22,94736142,302751872.00
2016/02/23,3.21,3.22,3.10,3.15,88488987,279226496.00
2016/02/24,3.13,3.22,3.12,3.20,74505431,236186800.00
2016/02/25,3.20,3.20,2.90,2.94,120870819,367891840.00
2016/02/26,2.95,3.01,2.91,2.98,65940804,195736800.00
2016/02/29,2.98,2.98,2.70,2.84,76498776,216345408.00
2016/03/01,2.86,2.92,2.81,2.90,48645958,139316256.00
2016/03/02,2.88,3.04,2.87,3.02,83561419,248110528.00
2016/03/03,3.00,3.24,2.99,3.09,142585794,441969056.00
2016/03/04,3.04,3.07,2.92,2.98,94511451,284399264.00
2016/03/07,3.00,3.07,2.99,3.04,55238748,167688592.00
2016/03/08,3.04,3.06,2.91,3.04,57369111,170778096.00
2016/03/09,2.97,3.00,2.93,2.96,39208808,116103736.00
2016/03/10,2.96,3.03,2.93,2.95,43964184,130530400.00
2016/03/11,2.91,2.97,2.87,2.95,31714936,92796544.00
2016/03/14,2.97,3.05,2.95,3.03,63573416,191909296.00
2016/03/15,3.01,3.02,2.96,2.99,39019476,116695088.00
2016/03/16,3.00,3.01,2.95,2.96,31473600,93601616.00
2016/03/17,2.96,3.03,2.96,3.01,51292788,153797504.00
2016/03/18,3.02,3.11,3.00,3.09,102862858,316073856.00
2016/03/21,3.10,3.16,3.08,3.16,110407010,344788096.00
2016/03/22,3.13,3.30,3.10,3.15,125584104,400307264.00
2016/03/23,3.10,3.14,3.08,3.14,73130065,227980672.00
2016/03/24,3.11,3.19,3.07,3.12,94292507,295766816.00
2016/03/25,3.09,3.14,3.08,3.13,53134265,165136080.00
2016/03/28,3.13,3.23,3.11,3.11,69029169,218279808.00
2016/03/29,3.11,3.13,3.02,3.05,54160296,165876336.00
2016/03/30,3.08,3.12,3.06,3.12,52371679,161970752.00
2016/03/31,3.12,3.14,3.09,3.11,55341502,172265808.00
2016/04/01,3.10,3.10,3.03,3.09,51214151,157111792.00
2016/04/05,3.09,3.22,3.04,3.18,118315693,372204608.00
2016/04/06,3.15,3.16,3.10,3.14,106705705,334403328.00
2016/04/07,3.12,3.17,3.09,3.09,78813895,246458480.00
2016/04/08,3.06,3.08,3.03,3.05,61365361,187331232.00
2016/04/11,3.06,3.12,3.06,3.11,54732520,169742032.00
2016/04/12,3.10,3.11,3.03,3.07,61494166,188096640.00
2016/04/13,3.08,3.15,3.08,3.11,89710728,280009152.00
2016/04/14,3.13,3.17,3.11,3.15,78021750,244774096.00
2016/04/15,3.15,3.16,3.11,3.13,52781238,165315856.00
2016/04/18,3.10,3.14,3.07,3.12,57755387,178508560.00
2016/04/19,3.12,3.20,3.11,3.18,130943010,413988960.00
2017/01/05,2.30,2.31,2.27,2.30,279926900,642506880.00